(kicad_pcb (version 20171130) (host pcbnew 5.1.6~rc1+dfsg1-1)

  (general
    (thickness 1.6)
    (drawings 0)
    (tracks 347)
    (zones 0)
    (modules 261)
    (nets 325)
  )

  (page A4)
  (layers
    (0 F.Cu signal)
    (1 In1.Cu signal)
    (2 In2.Cu signal)
    (31 B.Cu signal)
    (32 B.Adhes user)
    (33 F.Adhes user)
    (34 B.Paste user)
    (35 F.Paste user)
    (36 B.SilkS user hide)
    (37 F.SilkS user hide)
    (38 B.Mask user)
    (39 F.Mask user)
    (40 Dwgs.User user)
    (41 Cmts.User user)
    (42 Eco1.User user)
    (43 Eco2.User user)
    (44 Edge.Cuts user)
    (45 Margin user)
    (46 B.CrtYd user)
    (47 F.CrtYd user)
    (48 B.Fab user hide)
    (49 F.Fab user hide)
  )

  (setup
    (last_trace_width 0.25)
    (trace_clearance 0.2)
    (zone_clearance 0.508)
    (zone_45_only no)
    (trace_min 0.2)
    (via_size 0.8)
    (via_drill 0.4)
    (via_min_size 0.4)
    (via_min_drill 0.3)
    (uvia_size 0.3)
    (uvia_drill 0.1)
    (uvias_allowed no)
    (uvia_min_size 0.2)
    (uvia_min_drill 0.1)
    (edge_width 0.05)
    (segment_width 0.2)
    (pcb_text_width 0.3)
    (pcb_text_size 1.5 1.5)
    (mod_edge_width 0.12)
    (mod_text_size 1 1)
    (mod_text_width 0.15)
    (pad_size 1.524 1.524)
    (pad_drill 0.762)
    (pad_to_mask_clearance 0.05)
    (aux_axis_origin 0 0)
    (visible_elements FFFFFF7F)
    (pcbplotparams
      (layerselection 0x010fc_ffffffff)
      (usegerberextensions false)
      (usegerberattributes true)
      (usegerberadvancedattributes true)
      (creategerberjobfile true)
      (excludeedgelayer true)
      (linewidth 0.100000)
      (plotframeref false)
      (viasonmask false)
      (mode 1)
      (useauxorigin false)
      (hpglpennumber 1)
      (hpglpenspeed 20)
      (hpglpendiameter 15.000000)
      (psnegative false)
      (psa4output false)
      (plotreference true)
      (plotvalue true)
      (plotinvisibletext false)
      (padsonsilk false)
      (subtractmaskfromsilk false)
      (outputformat 1)
      (mirror false)
      (drillshape 1)
      (scaleselection 1)
      (outputdirectory ""))
  )

  (net 0 "")
  (net 1 MCU_VBAT)
  (net 2 GND)
  (net 3 MCU_12V)
  (net 4 ANALOG_VCC)
  (net 5 FPGA_5V)
  (net 6 MCU_5V)
  (net 7 FPGA_3.3V)
  (net 8 MCU_VDD)
  (net 9 MCU_VDDA)
  (net 10 MCU_VREF)
  (net 11 FPGA_1.2V)
  (net 12 FPGA_2.5V)
  (net 13 "Net-(C73-Pad1)")
  (net 14 "Net-(C74-Pad2)")
  (net 15 "Net-(C75-Pad1)")
  (net 16 "Net-(C76-Pad1)")
  (net 17 "Net-(C77-Pad2)")
  (net 18 "Net-(C78-Pad1)")
  (net 19 "Net-(C79-Pad1)")
  (net 20 "Net-(C80-Pad2)")
  (net 21 "Net-(C81-Pad1)")
  (net 22 "Net-(C82-Pad1)")
  (net 23 "Net-(C83-Pad2)")
  (net 24 "Net-(C84-Pad1)")
  (net 25 "Net-(C85-Pad1)")
  (net 26 "Net-(C86-Pad2)")
  (net 27 "Net-(C87-Pad1)")
  (net 28 "Net-(C88-Pad1)")
  (net 29 "Net-(C89-Pad2)")
  (net 30 "Net-(C90-Pad1)")
  (net 31 "Net-(C91-Pad1)")
  (net 32 "Net-(C92-Pad2)")
  (net 33 "Net-(C93-Pad1)")
  (net 34 "Net-(C94-Pad1)")
  (net 35 "Net-(C95-Pad2)")
  (net 36 "Net-(C96-Pad1)")
  (net 37 "Net-(C97-Pad1)")
  (net 38 "Net-(C98-Pad2)")
  (net 39 "Net-(C99-Pad1)")
  (net 40 "Net-(C100-Pad1)")
  (net 41 "Net-(C101-Pad2)")
  (net 42 "Net-(C102-Pad1)")
  (net 43 "Net-(C103-Pad1)")
  (net 44 "Net-(C104-Pad2)")
  (net 45 "Net-(C105-Pad1)")
  (net 46 "Net-(C106-Pad1)")
  (net 47 "Net-(C107-Pad2)")
  (net 48 "Net-(C108-Pad1)")
  (net 49 "Net-(C109-Pad1)")
  (net 50 "Net-(C110-Pad2)")
  (net 51 "Net-(C111-Pad1)")
  (net 52 "Net-(C112-Pad1)")
  (net 53 "Net-(C113-Pad2)")
  (net 54 "Net-(C114-Pad1)")
  (net 55 "Net-(C115-Pad1)")
  (net 56 "Net-(C116-Pad2)")
  (net 57 "Net-(C117-Pad1)")
  (net 58 "Net-(C118-Pad1)")
  (net 59 "Net-(C119-Pad2)")
  (net 60 "Net-(C120-Pad1)")
  (net 61 "Net-(C121-Pad1)")
  (net 62 "Net-(C122-Pad2)")
  (net 63 "Net-(C123-Pad1)")
  (net 64 "Net-(C124-Pad1)")
  (net 65 "Net-(C125-Pad2)")
  (net 66 "Net-(C126-Pad1)")
  (net 67 "Net-(C127-Pad1)")
  (net 68 "Net-(C128-Pad2)")
  (net 69 "Net-(C129-Pad1)")
  (net 70 "Net-(C130-Pad1)")
  (net 71 "Net-(C131-Pad2)")
  (net 72 "Net-(C132-Pad1)")
  (net 73 "Net-(C133-Pad1)")
  (net 74 "Net-(C134-Pad2)")
  (net 75 "Net-(C135-Pad1)")
  (net 76 "Net-(R4-Pad1)")
  (net 77 /IN1)
  (net 78 /IN2)
  (net 79 /IN3)
  (net 80 /IN4)
  (net 81 /IN5)
  (net 82 /IN6)
  (net 83 /IN7)
  (net 84 /IN8)
  (net 85 /IN9)
  (net 86 /IN10)
  (net 87 /IN11)
  (net 88 /IN12)
  (net 89 /IN13)
  (net 90 /IN14)
  (net 91 /IN15)
  (net 92 /IN16)
  (net 93 /IN17)
  (net 94 /IN18)
  (net 95 /IN19)
  (net 96 /IN20)
  (net 97 /IN21)
  (net 98 "Net-(U7-Pad1)")
  (net 99 "Net-(U7-Pad5)")
  (net 100 "Net-(U7-Pad7)")
  (net 101 "Net-(U7-Pad8)")
  (net 102 /FSMC_A0)
  (net 103 /FSMC_A1)
  (net 104 /FSMC_A2)
  (net 105 /FSMC_A3)
  (net 106 /FSMC_A4)
  (net 107 /FSMC_NE1)
  (net 108 /FSMC_D0)
  (net 109 /FSMC_D1)
  (net 110 /FSMC_D2)
  (net 111 /FSMC_D3)
  (net 112 /FSMC_D4)
  (net 113 /FSMC_D5)
  (net 114 /FSMC_D6)
  (net 115 /FSMC_D7)
  (net 116 /FSMC_nWE)
  (net 117 /FSMC_A5)
  (net 118 /FSMC_A6)
  (net 119 /FSMC_A7)
  (net 120 /FSMC_A8)
  (net 121 /FSMC_A9)
  (net 122 /FSMC_A10)
  (net 123 /FSMC_A11)
  (net 124 /FSMC_A12)
  (net 125 /FSMC_A13)
  (net 126 /FSMC_A14)
  (net 127 "Net-(U11-Pad28)")
  (net 128 /FSMC_D8)
  (net 129 /FSMC_D9)
  (net 130 /FSMC_D10)
  (net 131 /FSMC_D11)
  (net 132 /FSMC_D12)
  (net 133 /FSMC_D13)
  (net 134 /FSMC_D14)
  (net 135 /FSMC_D15)
  (net 136 /FSMC_NBL0)
  (net 137 /FSMC_NBL1)
  (net 138 /FSMC_nOE)
  (net 139 /FSMC_A15)
  (net 140 /FSMC_A16)
  (net 141 /FSMC_A17)
  (net 142 /TIM9_CH1)
  (net 143 /TIM9_CH2)
  (net 144 /VBAT)
  (net 145 /PC13)
  (net 146 /OSC32_IN)
  (net 147 /OSC32_OUT)
  (net 148 /PI9)
  (net 149 /PI10)
  (net 150 /PI11)
  (net 151 /ADC3_IN4)
  (net 152 /ADC3_IN5)
  (net 153 /ADC3_IN6)
  (net 154 /ADC3_IN7)
  (net 155 /ADC3_IN8)
  (net 156 /OSC_IN)
  (net 157 /OSC_OUT)
  (net 158 "Net-(U12-Pad31)")
  (net 159 /ADC123_IN10)
  (net 160 /ADC123_IN11)
  (net 161 /ADC123_IN12)
  (net 162 /ADC123_IN13)
  (net 163 /ADC123_IN0)
  (net 164 /ADC123_IN1)
  (net 165 /ADC123_IN2)
  (net 166 /PH2)
  (net 167 /PH3)
  (net 168 /I2C2_SCL)
  (net 169 /I2C2_SDA)
  (net 170 /ADC123_IN3)
  (net 171 "Net-(U12-Pad48)")
  (net 172 /ADC12_IN4)
  (net 173 /ADC12_IN5)
  (net 174 /ADC12_IN6)
  (net 175 /ADC12_IN7)
  (net 176 /ADC12_IN14)
  (net 177 /ADC12_IN15)
  (net 178 /ADC12_IN8)
  (net 179 /ADC12_IN9)
  (net 180 /BOOT1)
  (net 181 /PF11)
  (net 182 /USART3_TX)
  (net 183 /USART3_RX)
  (net 184 "Net-(U12-Pad81)")
  (net 185 "Net-(U12-Pad82)")
  (net 186 /PH6)
  (net 187 /I2C3_SCL)
  (net 188 /I2C3_SDA)
  (net 189 /I2C3_SMBA)
  (net 190 /TIM5_CH1)
  (net 191 /TIM5_CH2)
  (net 192 /TIM5_CH3)
  (net 193 /CAN2_RX)
  (net 194 /CAN2_TX)
  (net 195 /TIM12_CH1)
  (net 196 /TIM12_CH2)
  (net 197 /PD13)
  (net 198 /PG6)
  (net 199 /PG7)
  (net 200 /PG8)
  (net 201 /USART6_TX)
  (net 202 /USART6_RX)
  (net 203 /TIM3_CH3)
  (net 204 /TIM3_CH4)
  (net 205 /PA8)
  (net 206 /USART1_TX)
  (net 207 /SART1_RX)
  (net 208 /CAN1_RX)
  (net 209 /CAN1_TX)
  (net 210 /JTMS-SWDIO)
  (net 211 "Net-(U12-Pad125)")
  (net 212 /TIM8_CH1N)
  (net 213 /TIM8_CH2N)
  (net 214 /TIM8_CH3N)
  (net 215 /SPI2_NSS)
  (net 216 /SPI2_SCK)
  (net 217 /SPI2_MISO)
  (net 218 /SPI2_MOSI)
  (net 219 /JTCK-SWCLK)
  (net 220 /SPI3_NSS)
  (net 221 /SPI3_SCK)
  (net 222 /SPI3_MISO)
  (net 223 /SPI3_MOSI)
  (net 224 /HWAG_SPI_CRC)
  (net 225 /PD3)
  (net 226 /FSMC_NWAIT)
  (net 227 /FSMC_NE2)
  (net 228 /FSMC_NE3)
  (net 229 /PG11)
  (net 230 /FSMC_NE4)
  (net 231 /PG13)
  (net 232 /PG14)
  (net 233 /PG15)
  (net 234 /SPI1_SCK)
  (net 235 /SPI1_MISO)
  (net 236 /SPI1_MOSI)
  (net 237 /I2C1_SCL)
  (net 238 /I2C1_SDA)
  (net 239 "Net-(U12-Pad166)")
  (net 240 /HWAG_VR_OUT)
  (net 241 "Net-(U12-Pad171)")
  (net 242 /HWAG_RST)
  (net 243 /TIM8_CH1)
  (net 244 /TIM8_CH2)
  (net 245 /TIM8_CH3)
  (net 246 "Net-(U13-Pad6)")
  (net 247 "Net-(U13-Pad8)")
  (net 248 "Net-(U13-Pad9)")
  (net 249 "Net-(U13-Pad12)")
  (net 250 "Net-(U13-Pad13)")
  (net 251 "Net-(U13-Pad14)")
  (net 252 "Net-(U13-Pad15)")
  (net 253 "Net-(U13-Pad16)")
  (net 254 "Net-(U13-Pad18)")
  (net 255 "Net-(U13-Pad20)")
  (net 256 "Net-(U13-Pad21)")
  (net 257 "Net-(U13-Pad23)")
  (net 258 "Net-(U13-Pad24)")
  (net 259 "Net-(U13-Pad25)")
  (net 260 "Net-(U13-Pad52)")
  (net 261 "Net-(U13-Pad53)")
  (net 262 "Net-(U13-Pad54)")
  (net 263 "Net-(U13-Pad55)")
  (net 264 /HWAG_INJ8)
  (net 265 "Net-(U13-Pad86)")
  (net 266 "Net-(U13-Pad87)")
  (net 267 "Net-(U13-Pad88)")
  (net 268 "Net-(U13-Pad89)")
  (net 269 "Net-(U13-Pad90)")
  (net 270 "Net-(U13-Pad91)")
  (net 271 "Net-(U13-Pad92)")
  (net 272 "Net-(U13-Pad94)")
  (net 273 "Net-(U13-Pad96)")
  (net 274 "Net-(U13-Pad97)")
  (net 275 "Net-(U13-Pad98)")
  (net 276 "Net-(U13-Pad99)")
  (net 277 "Net-(U13-Pad101)")
  (net 278 "Net-(U13-Pad103)")
  (net 279 "Net-(U13-Pad106)")
  (net 280 "Net-(U13-Pad120)")
  (net 281 "Net-(U13-Pad121)")
  (net 282 "Net-(U13-Pad125)")
  (net 283 "Net-(U13-Pad126)")
  (net 284 "Net-(U13-Pad127)")
  (net 285 "Net-(U13-Pad128)")
  (net 286 "Net-(U13-Pad129)")
  (net 287 "Net-(U13-Pad132)")
  (net 288 "Net-(U13-Pad133)")
  (net 289 "Net-(U13-Pad135)")
  (net 290 "Net-(U13-Pad137)")
  (net 291 "Net-(U13-Pad142)")
  (net 292 /HWAG_GAP_OUT)
  (net 293 "Net-(U12-Pad7)")
  (net 294 "Net-(U12-Pad3)")
  (net 295 "Net-(U12-Pad2)")
  (net 296 "Net-(U12-Pad1)")
  (net 297 /HWAG_IGN0)
  (net 298 /HWAG_IGN1)
  (net 299 /HWAG_IGN2)
  (net 300 /HWAG_IGN3)
  (net 301 /HWAG_IGN4)
  (net 302 /HWAG_IGN5)
  (net 303 /HWAG_IGN6)
  (net 304 /HWAG_IGN7)
  (net 305 /HWAG_IGN8)
  (net 306 /HWAG_IGN9)
  (net 307 /HWAG_IGN10)
  (net 308 /HWAG_IGN11)
  (net 309 /HWAG_INJ0)
  (net 310 /HWAG_INJ1)
  (net 311 /HWAG_INJ2)
  (net 312 /HWAG_INJ3)
  (net 313 /HWAG_INJ4)
  (net 314 /HWAG_INJ5)
  (net 315 /HWAG_INJ6)
  (net 316 /HWAG_INJ7)
  (net 317 /HWAG_INJ9)
  (net 318 /HWAG_INJ10)
  (net 319 /HWAG_INJ11)
  (net 320 /HWAG_CAM_IN0)
  (net 321 /HWAG_CAM_IN1)
  (net 322 /HWAG_VR_IN0)
  (net 323 /HWAG_VR_IN1)
  (net 324 /HWAG_PCNT_ENA_OUT)

  (net_class Default "This is the default net class."
    (clearance 0.2)
    (trace_width 0.25)
    (via_dia 0.8)
    (via_drill 0.4)
    (uvia_dia 0.3)
    (uvia_drill 0.1)
    (add_net /ADC123_IN0)
    (add_net /ADC123_IN1)
    (add_net /ADC123_IN10)
    (add_net /ADC123_IN11)
    (add_net /ADC123_IN12)
    (add_net /ADC123_IN13)
    (add_net /ADC123_IN2)
    (add_net /ADC123_IN3)
    (add_net /ADC12_IN14)
    (add_net /ADC12_IN15)
    (add_net /ADC12_IN4)
    (add_net /ADC12_IN5)
    (add_net /ADC12_IN6)
    (add_net /ADC12_IN7)
    (add_net /ADC12_IN8)
    (add_net /ADC12_IN9)
    (add_net /ADC3_IN4)
    (add_net /ADC3_IN5)
    (add_net /ADC3_IN6)
    (add_net /ADC3_IN7)
    (add_net /ADC3_IN8)
    (add_net /BOOT1)
    (add_net /CAN1_RX)
    (add_net /CAN1_TX)
    (add_net /CAN2_RX)
    (add_net /CAN2_TX)
    (add_net /FSMC_A0)
    (add_net /FSMC_A1)
    (add_net /FSMC_A10)
    (add_net /FSMC_A11)
    (add_net /FSMC_A12)
    (add_net /FSMC_A13)
    (add_net /FSMC_A14)
    (add_net /FSMC_A15)
    (add_net /FSMC_A16)
    (add_net /FSMC_A17)
    (add_net /FSMC_A2)
    (add_net /FSMC_A3)
    (add_net /FSMC_A4)
    (add_net /FSMC_A5)
    (add_net /FSMC_A6)
    (add_net /FSMC_A7)
    (add_net /FSMC_A8)
    (add_net /FSMC_A9)
    (add_net /FSMC_D0)
    (add_net /FSMC_D1)
    (add_net /FSMC_D10)
    (add_net /FSMC_D11)
    (add_net /FSMC_D12)
    (add_net /FSMC_D13)
    (add_net /FSMC_D14)
    (add_net /FSMC_D15)
    (add_net /FSMC_D2)
    (add_net /FSMC_D3)
    (add_net /FSMC_D4)
    (add_net /FSMC_D5)
    (add_net /FSMC_D6)
    (add_net /FSMC_D7)
    (add_net /FSMC_D8)
    (add_net /FSMC_D9)
    (add_net /FSMC_NBL0)
    (add_net /FSMC_NBL1)
    (add_net /FSMC_NE1)
    (add_net /FSMC_NE2)
    (add_net /FSMC_NE3)
    (add_net /FSMC_NE4)
    (add_net /FSMC_NWAIT)
    (add_net /FSMC_nOE)
    (add_net /FSMC_nWE)
    (add_net /HWAG_CAM_IN0)
    (add_net /HWAG_CAM_IN1)
    (add_net /HWAG_GAP_OUT)
    (add_net /HWAG_IGN0)
    (add_net /HWAG_IGN1)
    (add_net /HWAG_IGN10)
    (add_net /HWAG_IGN11)
    (add_net /HWAG_IGN2)
    (add_net /HWAG_IGN3)
    (add_net /HWAG_IGN4)
    (add_net /HWAG_IGN5)
    (add_net /HWAG_IGN6)
    (add_net /HWAG_IGN7)
    (add_net /HWAG_IGN8)
    (add_net /HWAG_IGN9)
    (add_net /HWAG_INJ0)
    (add_net /HWAG_INJ1)
    (add_net /HWAG_INJ10)
    (add_net /HWAG_INJ11)
    (add_net /HWAG_INJ2)
    (add_net /HWAG_INJ3)
    (add_net /HWAG_INJ4)
    (add_net /HWAG_INJ5)
    (add_net /HWAG_INJ6)
    (add_net /HWAG_INJ7)
    (add_net /HWAG_INJ8)
    (add_net /HWAG_INJ9)
    (add_net /HWAG_PCNT_ENA_OUT)
    (add_net /HWAG_RST)
    (add_net /HWAG_SPI_CRC)
    (add_net /HWAG_VR_IN0)
    (add_net /HWAG_VR_IN1)
    (add_net /HWAG_VR_OUT)
    (add_net /I2C1_SCL)
    (add_net /I2C1_SDA)
    (add_net /I2C2_SCL)
    (add_net /I2C2_SDA)
    (add_net /I2C3_SCL)
    (add_net /I2C3_SDA)
    (add_net /I2C3_SMBA)
    (add_net /IN1)
    (add_net /IN10)
    (add_net /IN11)
    (add_net /IN12)
    (add_net /IN13)
    (add_net /IN14)
    (add_net /IN15)
    (add_net /IN16)
    (add_net /IN17)
    (add_net /IN18)
    (add_net /IN19)
    (add_net /IN2)
    (add_net /IN20)
    (add_net /IN21)
    (add_net /IN3)
    (add_net /IN4)
    (add_net /IN5)
    (add_net /IN6)
    (add_net /IN7)
    (add_net /IN8)
    (add_net /IN9)
    (add_net /JTCK-SWCLK)
    (add_net /JTMS-SWDIO)
    (add_net /OSC32_IN)
    (add_net /OSC32_OUT)
    (add_net /OSC_IN)
    (add_net /OSC_OUT)
    (add_net /PA8)
    (add_net /PC13)
    (add_net /PD13)
    (add_net /PD3)
    (add_net /PF11)
    (add_net /PG11)
    (add_net /PG13)
    (add_net /PG14)
    (add_net /PG15)
    (add_net /PG6)
    (add_net /PG7)
    (add_net /PG8)
    (add_net /PH2)
    (add_net /PH3)
    (add_net /PH6)
    (add_net /PI10)
    (add_net /PI11)
    (add_net /PI9)
    (add_net /SART1_RX)
    (add_net /SPI1_MISO)
    (add_net /SPI1_MOSI)
    (add_net /SPI1_SCK)
    (add_net /SPI2_MISO)
    (add_net /SPI2_MOSI)
    (add_net /SPI2_NSS)
    (add_net /SPI2_SCK)
    (add_net /SPI3_MISO)
    (add_net /SPI3_MOSI)
    (add_net /SPI3_NSS)
    (add_net /SPI3_SCK)
    (add_net /TIM12_CH1)
    (add_net /TIM12_CH2)
    (add_net /TIM3_CH3)
    (add_net /TIM3_CH4)
    (add_net /TIM5_CH1)
    (add_net /TIM5_CH2)
    (add_net /TIM5_CH3)
    (add_net /TIM8_CH1)
    (add_net /TIM8_CH1N)
    (add_net /TIM8_CH2)
    (add_net /TIM8_CH2N)
    (add_net /TIM8_CH3)
    (add_net /TIM8_CH3N)
    (add_net /TIM9_CH1)
    (add_net /TIM9_CH2)
    (add_net /USART1_TX)
    (add_net /USART3_RX)
    (add_net /USART3_TX)
    (add_net /USART6_RX)
    (add_net /USART6_TX)
    (add_net /VBAT)
    (add_net ANALOG_VCC)
    (add_net FPGA_1.2V)
    (add_net FPGA_2.5V)
    (add_net FPGA_3.3V)
    (add_net FPGA_5V)
    (add_net GND)
    (add_net MCU_12V)
    (add_net MCU_5V)
    (add_net MCU_VBAT)
    (add_net MCU_VDD)
    (add_net MCU_VDDA)
    (add_net MCU_VREF)
    (add_net "Net-(C100-Pad1)")
    (add_net "Net-(C101-Pad2)")
    (add_net "Net-(C102-Pad1)")
    (add_net "Net-(C103-Pad1)")
    (add_net "Net-(C104-Pad2)")
    (add_net "Net-(C105-Pad1)")
    (add_net "Net-(C106-Pad1)")
    (add_net "Net-(C107-Pad2)")
    (add_net "Net-(C108-Pad1)")
    (add_net "Net-(C109-Pad1)")
    (add_net "Net-(C110-Pad2)")
    (add_net "Net-(C111-Pad1)")
    (add_net "Net-(C112-Pad1)")
    (add_net "Net-(C113-Pad2)")
    (add_net "Net-(C114-Pad1)")
    (add_net "Net-(C115-Pad1)")
    (add_net "Net-(C116-Pad2)")
    (add_net "Net-(C117-Pad1)")
    (add_net "Net-(C118-Pad1)")
    (add_net "Net-(C119-Pad2)")
    (add_net "Net-(C120-Pad1)")
    (add_net "Net-(C121-Pad1)")
    (add_net "Net-(C122-Pad2)")
    (add_net "Net-(C123-Pad1)")
    (add_net "Net-(C124-Pad1)")
    (add_net "Net-(C125-Pad2)")
    (add_net "Net-(C126-Pad1)")
    (add_net "Net-(C127-Pad1)")
    (add_net "Net-(C128-Pad2)")
    (add_net "Net-(C129-Pad1)")
    (add_net "Net-(C130-Pad1)")
    (add_net "Net-(C131-Pad2)")
    (add_net "Net-(C132-Pad1)")
    (add_net "Net-(C133-Pad1)")
    (add_net "Net-(C134-Pad2)")
    (add_net "Net-(C135-Pad1)")
    (add_net "Net-(C73-Pad1)")
    (add_net "Net-(C74-Pad2)")
    (add_net "Net-(C75-Pad1)")
    (add_net "Net-(C76-Pad1)")
    (add_net "Net-(C77-Pad2)")
    (add_net "Net-(C78-Pad1)")
    (add_net "Net-(C79-Pad1)")
    (add_net "Net-(C80-Pad2)")
    (add_net "Net-(C81-Pad1)")
    (add_net "Net-(C82-Pad1)")
    (add_net "Net-(C83-Pad2)")
    (add_net "Net-(C84-Pad1)")
    (add_net "Net-(C85-Pad1)")
    (add_net "Net-(C86-Pad2)")
    (add_net "Net-(C87-Pad1)")
    (add_net "Net-(C88-Pad1)")
    (add_net "Net-(C89-Pad2)")
    (add_net "Net-(C90-Pad1)")
    (add_net "Net-(C91-Pad1)")
    (add_net "Net-(C92-Pad2)")
    (add_net "Net-(C93-Pad1)")
    (add_net "Net-(C94-Pad1)")
    (add_net "Net-(C95-Pad2)")
    (add_net "Net-(C96-Pad1)")
    (add_net "Net-(C97-Pad1)")
    (add_net "Net-(C98-Pad2)")
    (add_net "Net-(C99-Pad1)")
    (add_net "Net-(R4-Pad1)")
    (add_net "Net-(U11-Pad28)")
    (add_net "Net-(U12-Pad1)")
    (add_net "Net-(U12-Pad125)")
    (add_net "Net-(U12-Pad166)")
    (add_net "Net-(U12-Pad171)")
    (add_net "Net-(U12-Pad2)")
    (add_net "Net-(U12-Pad3)")
    (add_net "Net-(U12-Pad31)")
    (add_net "Net-(U12-Pad48)")
    (add_net "Net-(U12-Pad7)")
    (add_net "Net-(U12-Pad81)")
    (add_net "Net-(U12-Pad82)")
    (add_net "Net-(U13-Pad101)")
    (add_net "Net-(U13-Pad103)")
    (add_net "Net-(U13-Pad106)")
    (add_net "Net-(U13-Pad12)")
    (add_net "Net-(U13-Pad120)")
    (add_net "Net-(U13-Pad121)")
    (add_net "Net-(U13-Pad125)")
    (add_net "Net-(U13-Pad126)")
    (add_net "Net-(U13-Pad127)")
    (add_net "Net-(U13-Pad128)")
    (add_net "Net-(U13-Pad129)")
    (add_net "Net-(U13-Pad13)")
    (add_net "Net-(U13-Pad132)")
    (add_net "Net-(U13-Pad133)")
    (add_net "Net-(U13-Pad135)")
    (add_net "Net-(U13-Pad137)")
    (add_net "Net-(U13-Pad14)")
    (add_net "Net-(U13-Pad142)")
    (add_net "Net-(U13-Pad15)")
    (add_net "Net-(U13-Pad16)")
    (add_net "Net-(U13-Pad18)")
    (add_net "Net-(U13-Pad20)")
    (add_net "Net-(U13-Pad21)")
    (add_net "Net-(U13-Pad23)")
    (add_net "Net-(U13-Pad24)")
    (add_net "Net-(U13-Pad25)")
    (add_net "Net-(U13-Pad52)")
    (add_net "Net-(U13-Pad53)")
    (add_net "Net-(U13-Pad54)")
    (add_net "Net-(U13-Pad55)")
    (add_net "Net-(U13-Pad6)")
    (add_net "Net-(U13-Pad8)")
    (add_net "Net-(U13-Pad86)")
    (add_net "Net-(U13-Pad87)")
    (add_net "Net-(U13-Pad88)")
    (add_net "Net-(U13-Pad89)")
    (add_net "Net-(U13-Pad9)")
    (add_net "Net-(U13-Pad90)")
    (add_net "Net-(U13-Pad91)")
    (add_net "Net-(U13-Pad92)")
    (add_net "Net-(U13-Pad94)")
    (add_net "Net-(U13-Pad96)")
    (add_net "Net-(U13-Pad97)")
    (add_net "Net-(U13-Pad98)")
    (add_net "Net-(U13-Pad99)")
    (add_net "Net-(U7-Pad1)")
    (add_net "Net-(U7-Pad5)")
    (add_net "Net-(U7-Pad7)")
    (add_net "Net-(U7-Pad8)")
  )

  (module Battery:BatteryHolder_ComfortableElectronic_CH273-2450_1x2450 (layer F.Cu) (tedit 5CBC45F7) (tstamp 5F31367F)
    (at 38.1 33.2)
    (descr "Comfortable Electronic CR2450 battery holder, http://www.comf.com.tw/ProductDetail.asp?no=148")
    (tags "Comfortable Electronic CR2450")
    (path /5FD58486)
    (fp_text reference BT1 (at 0.1 -6.62) (layer F.SilkS)
      (effects (font (size 1 1) (thickness 0.15)))
    )
    (fp_text value Battery_Cell (at 13.47 2.54) (layer F.Fab)
      (effects (font (size 1 1) (thickness 0.15)))
    )
    (fp_line (start 1.845 5.61) (end -1.33 5.61) (layer F.SilkS) (width 0.12))
    (fp_line (start -1.33 5.61) (end -1.33 -5.61) (layer F.SilkS) (width 0.12))
    (fp_line (start -1.33 -5.61) (end 1.845 -5.61) (layer F.SilkS) (width 0.12))
    (fp_line (start 1.77 5.75) (end -1.47 5.75) (layer F.CrtYd) (width 0.05))
    (fp_line (start -1.47 5.75) (end -1.47 -5.75) (layer F.CrtYd) (width 0.05))
    (fp_line (start -1.47 -5.75) (end 1.77 -5.75) (layer F.CrtYd) (width 0.05))
    (fp_line (start 1.95 5.5) (end -1.22 5.5) (layer F.Fab) (width 0.1))
    (fp_line (start -1.22 5.5) (end -1.22 -5.5) (layer F.Fab) (width 0.1))
    (fp_line (start -1.22 -5.5) (end 1.95 -5.5) (layer F.Fab) (width 0.1))
    (fp_arc (start 14.28 0) (end 1.77 -5.75) (angle 310.6299215) (layer F.CrtYd) (width 0.05))
    (fp_arc (start 14.28 0) (end 1.845 -5.61) (angle 311.4353527) (layer F.SilkS) (width 0.12))
    (fp_arc (start 14.28 0) (end 1.95 -5.5) (angle 311.9199008) (layer F.Fab) (width 0.1))
    (fp_text user %R (at 14 0) (layer F.Fab)
      (effects (font (size 1 1) (thickness 0.1)))
    )
    (pad 2 thru_hole circle (at 20 0 270) (size 2.1 2.1) (drill 1.3) (layers *.Cu *.Mask)
      (net 2 GND))
    (pad 1 thru_hole rect (at 0 0 270) (size 2.1 2.1) (drill 1.3) (layers *.Cu *.Mask)
      (net 1 MCU_VBAT))
    (model ${KISYS3DMOD}/Battery.3dshapes/BatteryHolder_ComfortableElectronic_CH273-2450_1x2450.wrl
      (at (xyz 0 0 0))
      (scale (xyz 1 1 1))
      (rotate (xyz 0 0 0))
    )
  )

  (module Capacitor_SMD:C_0603_1608Metric_Pad1.05x0.95mm_HandSolder (layer F.Cu) (tedit 5B301BBE) (tstamp 5F313690)
    (at 171.225001 59.255001)
    (descr "Capacitor SMD 0603 (1608 Metric), square (rectangular) end terminal, IPC_7351 nominal with elongated pad for handsoldering. (Body size source: http://www.tortai-tech.com/upload/download/2011102023233369053.pdf), generated with kicad-footprint-generator")
    (tags "capacitor handsolder")
    (path /5FCB6A55)
    (attr smd)
    (fp_text reference C1 (at 0 -1.43) (layer F.SilkS)
      (effects (font (size 1 1) (thickness 0.15)))
    )
    (fp_text value 0.33uF (at 0 1.43) (layer F.Fab)
      (effects (font (size 1 1) (thickness 0.15)))
    )
    (fp_line (start -0.8 0.4) (end -0.8 -0.4) (layer F.Fab) (width 0.1))
    (fp_line (start -0.8 -0.4) (end 0.8 -0.4) (layer F.Fab) (width 0.1))
    (fp_line (start 0.8 -0.4) (end 0.8 0.4) (layer F.Fab) (width 0.1))
    (fp_line (start 0.8 0.4) (end -0.8 0.4) (layer F.Fab) (width 0.1))
    (fp_line (start -0.171267 -0.51) (end 0.171267 -0.51) (layer F.SilkS) (width 0.12))
    (fp_line (start -0.171267 0.51) (end 0.171267 0.51) (layer F.SilkS) (width 0.12))
    (fp_line (start -1.65 0.73) (end -1.65 -0.73) (layer F.CrtYd) (width 0.05))
    (fp_line (start -1.65 -0.73) (end 1.65 -0.73) (layer F.CrtYd) (width 0.05))
    (fp_line (start 1.65 -0.73) (end 1.65 0.73) (layer F.CrtYd) (width 0.05))
    (fp_line (start 1.65 0.73) (end -1.65 0.73) (layer F.CrtYd) (width 0.05))
    (fp_text user %R (at 0 0) (layer F.Fab)
      (effects (font (size 0.4 0.4) (thickness 0.06)))
    )
    (pad 1 smd roundrect (at -0.875 0) (size 1.05 0.95) (layers F.Cu F.Paste F.Mask) (roundrect_rratio 0.25)
      (net 3 MCU_12V))
    (pad 2 smd roundrect (at 0.875 0) (size 1.05 0.95) (layers F.Cu F.Paste F.Mask) (roundrect_rratio 0.25)
      (net 2 GND))
    (model ${KISYS3DMOD}/Capacitor_SMD.3dshapes/C_0603_1608Metric.wrl
      (at (xyz 0 0 0))
      (scale (xyz 1 1 1))
      (rotate (xyz 0 0 0))
    )
  )

  (module Capacitor_SMD:C_0603_1608Metric_Pad1.05x0.95mm_HandSolder (layer F.Cu) (tedit 5B301BBE) (tstamp 5F3136A1)
    (at 123.925001 78.365001)
    (descr "Capacitor SMD 0603 (1608 Metric), square (rectangular) end terminal, IPC_7351 nominal with elongated pad for handsoldering. (Body size source: http://www.tortai-tech.com/upload/download/2011102023233369053.pdf), generated with kicad-footprint-generator")
    (tags "capacitor handsolder")
    (path /5FCA4F9E)
    (attr smd)
    (fp_text reference C2 (at 0 -1.43) (layer F.SilkS)
      (effects (font (size 1 1) (thickness 0.15)))
    )
    (fp_text value 0.33uF (at 0 1.43) (layer F.Fab)
      (effects (font (size 1 1) (thickness 0.15)))
    )
    (fp_line (start 1.65 0.73) (end -1.65 0.73) (layer F.CrtYd) (width 0.05))
    (fp_line (start 1.65 -0.73) (end 1.65 0.73) (layer F.CrtYd) (width 0.05))
    (fp_line (start -1.65 -0.73) (end 1.65 -0.73) (layer F.CrtYd) (width 0.05))
    (fp_line (start -1.65 0.73) (end -1.65 -0.73) (layer F.CrtYd) (width 0.05))
    (fp_line (start -0.171267 0.51) (end 0.171267 0.51) (layer F.SilkS) (width 0.12))
    (fp_line (start -0.171267 -0.51) (end 0.171267 -0.51) (layer F.SilkS) (width 0.12))
    (fp_line (start 0.8 0.4) (end -0.8 0.4) (layer F.Fab) (width 0.1))
    (fp_line (start 0.8 -0.4) (end 0.8 0.4) (layer F.Fab) (width 0.1))
    (fp_line (start -0.8 -0.4) (end 0.8 -0.4) (layer F.Fab) (width 0.1))
    (fp_line (start -0.8 0.4) (end -0.8 -0.4) (layer F.Fab) (width 0.1))
    (fp_text user %R (at 0 0) (layer F.Fab)
      (effects (font (size 0.4 0.4) (thickness 0.06)))
    )
    (pad 2 smd roundrect (at 0.875 0) (size 1.05 0.95) (layers F.Cu F.Paste F.Mask) (roundrect_rratio 0.25)
      (net 2 GND))
    (pad 1 smd roundrect (at -0.875 0) (size 1.05 0.95) (layers F.Cu F.Paste F.Mask) (roundrect_rratio 0.25)
      (net 3 MCU_12V))
    (model ${KISYS3DMOD}/Capacitor_SMD.3dshapes/C_0603_1608Metric.wrl
      (at (xyz 0 0 0))
      (scale (xyz 1 1 1))
      (rotate (xyz 0 0 0))
    )
  )

  (module Capacitor_SMD:C_0603_1608Metric_Pad1.05x0.95mm_HandSolder (layer F.Cu) (tedit 5B301BBE) (tstamp 5F3136B2)
    (at 123.925001 75.855001)
    (descr "Capacitor SMD 0603 (1608 Metric), square (rectangular) end terminal, IPC_7351 nominal with elongated pad for handsoldering. (Body size source: http://www.tortai-tech.com/upload/download/2011102023233369053.pdf), generated with kicad-footprint-generator")
    (tags "capacitor handsolder")
    (path /5FD58513)
    (attr smd)
    (fp_text reference C3 (at 0 -1.43) (layer F.SilkS)
      (effects (font (size 1 1) (thickness 0.15)))
    )
    (fp_text value 0.33uF (at 0 1.43) (layer F.Fab)
      (effects (font (size 1 1) (thickness 0.15)))
    )
    (fp_line (start 1.65 0.73) (end -1.65 0.73) (layer F.CrtYd) (width 0.05))
    (fp_line (start 1.65 -0.73) (end 1.65 0.73) (layer F.CrtYd) (width 0.05))
    (fp_line (start -1.65 -0.73) (end 1.65 -0.73) (layer F.CrtYd) (width 0.05))
    (fp_line (start -1.65 0.73) (end -1.65 -0.73) (layer F.CrtYd) (width 0.05))
    (fp_line (start -0.171267 0.51) (end 0.171267 0.51) (layer F.SilkS) (width 0.12))
    (fp_line (start -0.171267 -0.51) (end 0.171267 -0.51) (layer F.SilkS) (width 0.12))
    (fp_line (start 0.8 0.4) (end -0.8 0.4) (layer F.Fab) (width 0.1))
    (fp_line (start 0.8 -0.4) (end 0.8 0.4) (layer F.Fab) (width 0.1))
    (fp_line (start -0.8 -0.4) (end 0.8 -0.4) (layer F.Fab) (width 0.1))
    (fp_line (start -0.8 0.4) (end -0.8 -0.4) (layer F.Fab) (width 0.1))
    (fp_text user %R (at 0 0) (layer F.Fab)
      (effects (font (size 0.4 0.4) (thickness 0.06)))
    )
    (pad 2 smd roundrect (at 0.875 0) (size 1.05 0.95) (layers F.Cu F.Paste F.Mask) (roundrect_rratio 0.25)
      (net 2 GND))
    (pad 1 smd roundrect (at -0.875 0) (size 1.05 0.95) (layers F.Cu F.Paste F.Mask) (roundrect_rratio 0.25)
      (net 3 MCU_12V))
    (model ${KISYS3DMOD}/Capacitor_SMD.3dshapes/C_0603_1608Metric.wrl
      (at (xyz 0 0 0))
      (scale (xyz 1 1 1))
      (rotate (xyz 0 0 0))
    )
  )

  (module Capacitor_SMD:C_0603_1608Metric_Pad1.05x0.95mm_HandSolder (layer F.Cu) (tedit 5B301BBE) (tstamp 5F3136C3)
    (at 141.615001 83.825001)
    (descr "Capacitor SMD 0603 (1608 Metric), square (rectangular) end terminal, IPC_7351 nominal with elongated pad for handsoldering. (Body size source: http://www.tortai-tech.com/upload/download/2011102023233369053.pdf), generated with kicad-footprint-generator")
    (tags "capacitor handsolder")
    (path /5FCB6A4A)
    (attr smd)
    (fp_text reference C4 (at 0 -1.43) (layer F.SilkS)
      (effects (font (size 1 1) (thickness 0.15)))
    )
    (fp_text value 0.1uF (at 0 1.43) (layer F.Fab)
      (effects (font (size 1 1) (thickness 0.15)))
    )
    (fp_line (start 1.65 0.73) (end -1.65 0.73) (layer F.CrtYd) (width 0.05))
    (fp_line (start 1.65 -0.73) (end 1.65 0.73) (layer F.CrtYd) (width 0.05))
    (fp_line (start -1.65 -0.73) (end 1.65 -0.73) (layer F.CrtYd) (width 0.05))
    (fp_line (start -1.65 0.73) (end -1.65 -0.73) (layer F.CrtYd) (width 0.05))
    (fp_line (start -0.171267 0.51) (end 0.171267 0.51) (layer F.SilkS) (width 0.12))
    (fp_line (start -0.171267 -0.51) (end 0.171267 -0.51) (layer F.SilkS) (width 0.12))
    (fp_line (start 0.8 0.4) (end -0.8 0.4) (layer F.Fab) (width 0.1))
    (fp_line (start 0.8 -0.4) (end 0.8 0.4) (layer F.Fab) (width 0.1))
    (fp_line (start -0.8 -0.4) (end 0.8 -0.4) (layer F.Fab) (width 0.1))
    (fp_line (start -0.8 0.4) (end -0.8 -0.4) (layer F.Fab) (width 0.1))
    (fp_text user %R (at 0 0) (layer F.Fab)
      (effects (font (size 0.4 0.4) (thickness 0.06)))
    )
    (pad 2 smd roundrect (at 0.875 0) (size 1.05 0.95) (layers F.Cu F.Paste F.Mask) (roundrect_rratio 0.25)
      (net 2 GND))
    (pad 1 smd roundrect (at -0.875 0) (size 1.05 0.95) (layers F.Cu F.Paste F.Mask) (roundrect_rratio 0.25)
      (net 4 ANALOG_VCC))
    (model ${KISYS3DMOD}/Capacitor_SMD.3dshapes/C_0603_1608Metric.wrl
      (at (xyz 0 0 0))
      (scale (xyz 1 1 1))
      (rotate (xyz 0 0 0))
    )
  )

  (module Capacitor_SMD:C_0603_1608Metric_Pad1.05x0.95mm_HandSolder (layer F.Cu) (tedit 5B301BBE) (tstamp 5F3136D4)
    (at 158.125001 63.855001)
    (descr "Capacitor SMD 0603 (1608 Metric), square (rectangular) end terminal, IPC_7351 nominal with elongated pad for handsoldering. (Body size source: http://www.tortai-tech.com/upload/download/2011102023233369053.pdf), generated with kicad-footprint-generator")
    (tags "capacitor handsolder")
    (path /5FCA4F92)
    (attr smd)
    (fp_text reference C5 (at 0 -1.43) (layer F.SilkS)
      (effects (font (size 1 1) (thickness 0.15)))
    )
    (fp_text value 0.1uF (at 0 1.43) (layer F.Fab)
      (effects (font (size 1 1) (thickness 0.15)))
    )
    (fp_line (start -0.8 0.4) (end -0.8 -0.4) (layer F.Fab) (width 0.1))
    (fp_line (start -0.8 -0.4) (end 0.8 -0.4) (layer F.Fab) (width 0.1))
    (fp_line (start 0.8 -0.4) (end 0.8 0.4) (layer F.Fab) (width 0.1))
    (fp_line (start 0.8 0.4) (end -0.8 0.4) (layer F.Fab) (width 0.1))
    (fp_line (start -0.171267 -0.51) (end 0.171267 -0.51) (layer F.SilkS) (width 0.12))
    (fp_line (start -0.171267 0.51) (end 0.171267 0.51) (layer F.SilkS) (width 0.12))
    (fp_line (start -1.65 0.73) (end -1.65 -0.73) (layer F.CrtYd) (width 0.05))
    (fp_line (start -1.65 -0.73) (end 1.65 -0.73) (layer F.CrtYd) (width 0.05))
    (fp_line (start 1.65 -0.73) (end 1.65 0.73) (layer F.CrtYd) (width 0.05))
    (fp_line (start 1.65 0.73) (end -1.65 0.73) (layer F.CrtYd) (width 0.05))
    (fp_text user %R (at 0 0) (layer F.Fab)
      (effects (font (size 0.4 0.4) (thickness 0.06)))
    )
    (pad 1 smd roundrect (at -0.875 0) (size 1.05 0.95) (layers F.Cu F.Paste F.Mask) (roundrect_rratio 0.25)
      (net 5 FPGA_5V))
    (pad 2 smd roundrect (at 0.875 0) (size 1.05 0.95) (layers F.Cu F.Paste F.Mask) (roundrect_rratio 0.25)
      (net 2 GND))
    (model ${KISYS3DMOD}/Capacitor_SMD.3dshapes/C_0603_1608Metric.wrl
      (at (xyz 0 0 0))
      (scale (xyz 1 1 1))
      (rotate (xyz 0 0 0))
    )
  )

  (module Capacitor_SMD:C_0603_1608Metric_Pad1.05x0.95mm_HandSolder (layer F.Cu) (tedit 5B301BBE) (tstamp 5F3136E5)
    (at 148.275001 72.105001)
    (descr "Capacitor SMD 0603 (1608 Metric), square (rectangular) end terminal, IPC_7351 nominal with elongated pad for handsoldering. (Body size source: http://www.tortai-tech.com/upload/download/2011102023233369053.pdf), generated with kicad-footprint-generator")
    (tags "capacitor handsolder")
    (path /5FD58506)
    (attr smd)
    (fp_text reference C6 (at 0 -1.43) (layer F.SilkS)
      (effects (font (size 1 1) (thickness 0.15)))
    )
    (fp_text value 0.1uF (at 0 1.43) (layer F.Fab)
      (effects (font (size 1 1) (thickness 0.15)))
    )
    (fp_line (start -0.8 0.4) (end -0.8 -0.4) (layer F.Fab) (width 0.1))
    (fp_line (start -0.8 -0.4) (end 0.8 -0.4) (layer F.Fab) (width 0.1))
    (fp_line (start 0.8 -0.4) (end 0.8 0.4) (layer F.Fab) (width 0.1))
    (fp_line (start 0.8 0.4) (end -0.8 0.4) (layer F.Fab) (width 0.1))
    (fp_line (start -0.171267 -0.51) (end 0.171267 -0.51) (layer F.SilkS) (width 0.12))
    (fp_line (start -0.171267 0.51) (end 0.171267 0.51) (layer F.SilkS) (width 0.12))
    (fp_line (start -1.65 0.73) (end -1.65 -0.73) (layer F.CrtYd) (width 0.05))
    (fp_line (start -1.65 -0.73) (end 1.65 -0.73) (layer F.CrtYd) (width 0.05))
    (fp_line (start 1.65 -0.73) (end 1.65 0.73) (layer F.CrtYd) (width 0.05))
    (fp_line (start 1.65 0.73) (end -1.65 0.73) (layer F.CrtYd) (width 0.05))
    (fp_text user %R (at 0 0) (layer F.Fab)
      (effects (font (size 0.4 0.4) (thickness 0.06)))
    )
    (pad 1 smd roundrect (at -0.875 0) (size 1.05 0.95) (layers F.Cu F.Paste F.Mask) (roundrect_rratio 0.25)
      (net 6 MCU_5V))
    (pad 2 smd roundrect (at 0.875 0) (size 1.05 0.95) (layers F.Cu F.Paste F.Mask) (roundrect_rratio 0.25)
      (net 2 GND))
    (model ${KISYS3DMOD}/Capacitor_SMD.3dshapes/C_0603_1608Metric.wrl
      (at (xyz 0 0 0))
      (scale (xyz 1 1 1))
      (rotate (xyz 0 0 0))
    )
  )

  (module Capacitor_SMD:C_0603_1608Metric_Pad1.05x0.95mm_HandSolder (layer F.Cu) (tedit 5B301BBE) (tstamp 5F3136F6)
    (at 148.275001 74.615001)
    (descr "Capacitor SMD 0603 (1608 Metric), square (rectangular) end terminal, IPC_7351 nominal with elongated pad for handsoldering. (Body size source: http://www.tortai-tech.com/upload/download/2011102023233369053.pdf), generated with kicad-footprint-generator")
    (tags "capacitor handsolder")
    (path /5FD584D3)
    (attr smd)
    (fp_text reference C7 (at 0 -1.43) (layer F.SilkS)
      (effects (font (size 1 1) (thickness 0.15)))
    )
    (fp_text value 10uF (at 0 1.43) (layer F.Fab)
      (effects (font (size 1 1) (thickness 0.15)))
    )
    (fp_line (start -0.8 0.4) (end -0.8 -0.4) (layer F.Fab) (width 0.1))
    (fp_line (start -0.8 -0.4) (end 0.8 -0.4) (layer F.Fab) (width 0.1))
    (fp_line (start 0.8 -0.4) (end 0.8 0.4) (layer F.Fab) (width 0.1))
    (fp_line (start 0.8 0.4) (end -0.8 0.4) (layer F.Fab) (width 0.1))
    (fp_line (start -0.171267 -0.51) (end 0.171267 -0.51) (layer F.SilkS) (width 0.12))
    (fp_line (start -0.171267 0.51) (end 0.171267 0.51) (layer F.SilkS) (width 0.12))
    (fp_line (start -1.65 0.73) (end -1.65 -0.73) (layer F.CrtYd) (width 0.05))
    (fp_line (start -1.65 -0.73) (end 1.65 -0.73) (layer F.CrtYd) (width 0.05))
    (fp_line (start 1.65 -0.73) (end 1.65 0.73) (layer F.CrtYd) (width 0.05))
    (fp_line (start 1.65 0.73) (end -1.65 0.73) (layer F.CrtYd) (width 0.05))
    (fp_text user %R (at 0 0) (layer F.Fab)
      (effects (font (size 0.4 0.4) (thickness 0.06)))
    )
    (pad 1 smd roundrect (at -0.875 0) (size 1.05 0.95) (layers F.Cu F.Paste F.Mask) (roundrect_rratio 0.25)
      (net 6 MCU_5V))
    (pad 2 smd roundrect (at 0.875 0) (size 1.05 0.95) (layers F.Cu F.Paste F.Mask) (roundrect_rratio 0.25)
      (net 2 GND))
    (model ${KISYS3DMOD}/Capacitor_SMD.3dshapes/C_0603_1608Metric.wrl
      (at (xyz 0 0 0))
      (scale (xyz 1 1 1))
      (rotate (xyz 0 0 0))
    )
  )

  (module Capacitor_SMD:C_0603_1608Metric_Pad1.05x0.95mm_HandSolder (layer F.Cu) (tedit 5B301BBE) (tstamp 5F313707)
    (at 172.975001 51.505001)
    (descr "Capacitor SMD 0603 (1608 Metric), square (rectangular) end terminal, IPC_7351 nominal with elongated pad for handsoldering. (Body size source: http://www.tortai-tech.com/upload/download/2011102023233369053.pdf), generated with kicad-footprint-generator")
    (tags "capacitor handsolder")
    (path /5FD584F1)
    (attr smd)
    (fp_text reference C8 (at 0 -1.43) (layer F.SilkS)
      (effects (font (size 1 1) (thickness 0.15)))
    )
    (fp_text value 0.1uF (at 0 1.43) (layer F.Fab)
      (effects (font (size 1 1) (thickness 0.15)))
    )
    (fp_line (start -0.8 0.4) (end -0.8 -0.4) (layer F.Fab) (width 0.1))
    (fp_line (start -0.8 -0.4) (end 0.8 -0.4) (layer F.Fab) (width 0.1))
    (fp_line (start 0.8 -0.4) (end 0.8 0.4) (layer F.Fab) (width 0.1))
    (fp_line (start 0.8 0.4) (end -0.8 0.4) (layer F.Fab) (width 0.1))
    (fp_line (start -0.171267 -0.51) (end 0.171267 -0.51) (layer F.SilkS) (width 0.12))
    (fp_line (start -0.171267 0.51) (end 0.171267 0.51) (layer F.SilkS) (width 0.12))
    (fp_line (start -1.65 0.73) (end -1.65 -0.73) (layer F.CrtYd) (width 0.05))
    (fp_line (start -1.65 -0.73) (end 1.65 -0.73) (layer F.CrtYd) (width 0.05))
    (fp_line (start 1.65 -0.73) (end 1.65 0.73) (layer F.CrtYd) (width 0.05))
    (fp_line (start 1.65 0.73) (end -1.65 0.73) (layer F.CrtYd) (width 0.05))
    (fp_text user %R (at 0 0) (layer F.Fab)
      (effects (font (size 0.4 0.4) (thickness 0.06)))
    )
    (pad 1 smd roundrect (at -0.875 0) (size 1.05 0.95) (layers F.Cu F.Paste F.Mask) (roundrect_rratio 0.25)
      (net 6 MCU_5V))
    (pad 2 smd roundrect (at 0.875 0) (size 1.05 0.95) (layers F.Cu F.Paste F.Mask) (roundrect_rratio 0.25)
      (net 2 GND))
    (model ${KISYS3DMOD}/Capacitor_SMD.3dshapes/C_0603_1608Metric.wrl
      (at (xyz 0 0 0))
      (scale (xyz 1 1 1))
      (rotate (xyz 0 0 0))
    )
  )

  (module Capacitor_SMD:C_0603_1608Metric_Pad1.05x0.95mm_HandSolder (layer F.Cu) (tedit 5B301BBE) (tstamp 5F313718)
    (at 162.525001 59.255001)
    (descr "Capacitor SMD 0603 (1608 Metric), square (rectangular) end terminal, IPC_7351 nominal with elongated pad for handsoldering. (Body size source: http://www.tortai-tech.com/upload/download/2011102023233369053.pdf), generated with kicad-footprint-generator")
    (tags "capacitor handsolder")
    (path /5FD584CD)
    (attr smd)
    (fp_text reference C9 (at 0 -1.43) (layer F.SilkS)
      (effects (font (size 1 1) (thickness 0.15)))
    )
    (fp_text value 0.1uF (at 0 1.43) (layer F.Fab)
      (effects (font (size 1 1) (thickness 0.15)))
    )
    (fp_line (start 1.65 0.73) (end -1.65 0.73) (layer F.CrtYd) (width 0.05))
    (fp_line (start 1.65 -0.73) (end 1.65 0.73) (layer F.CrtYd) (width 0.05))
    (fp_line (start -1.65 -0.73) (end 1.65 -0.73) (layer F.CrtYd) (width 0.05))
    (fp_line (start -1.65 0.73) (end -1.65 -0.73) (layer F.CrtYd) (width 0.05))
    (fp_line (start -0.171267 0.51) (end 0.171267 0.51) (layer F.SilkS) (width 0.12))
    (fp_line (start -0.171267 -0.51) (end 0.171267 -0.51) (layer F.SilkS) (width 0.12))
    (fp_line (start 0.8 0.4) (end -0.8 0.4) (layer F.Fab) (width 0.1))
    (fp_line (start 0.8 -0.4) (end 0.8 0.4) (layer F.Fab) (width 0.1))
    (fp_line (start -0.8 -0.4) (end 0.8 -0.4) (layer F.Fab) (width 0.1))
    (fp_line (start -0.8 0.4) (end -0.8 -0.4) (layer F.Fab) (width 0.1))
    (fp_text user %R (at 0 0) (layer F.Fab)
      (effects (font (size 0.4 0.4) (thickness 0.06)))
    )
    (pad 2 smd roundrect (at 0.875 0) (size 1.05 0.95) (layers F.Cu F.Paste F.Mask) (roundrect_rratio 0.25)
      (net 2 GND))
    (pad 1 smd roundrect (at -0.875 0) (size 1.05 0.95) (layers F.Cu F.Paste F.Mask) (roundrect_rratio 0.25)
      (net 6 MCU_5V))
    (model ${KISYS3DMOD}/Capacitor_SMD.3dshapes/C_0603_1608Metric.wrl
      (at (xyz 0 0 0))
      (scale (xyz 1 1 1))
      (rotate (xyz 0 0 0))
    )
  )

  (module Capacitor_SMD:C_0603_1608Metric_Pad1.05x0.95mm_HandSolder (layer F.Cu) (tedit 5B301BBE) (tstamp 5F313729)
    (at 162.525001 61.765001)
    (descr "Capacitor SMD 0603 (1608 Metric), square (rectangular) end terminal, IPC_7351 nominal with elongated pad for handsoldering. (Body size source: http://www.tortai-tech.com/upload/download/2011102023233369053.pdf), generated with kicad-footprint-generator")
    (tags "capacitor handsolder")
    (path /5FCA4FBD)
    (attr smd)
    (fp_text reference C10 (at 0 -1.43) (layer F.SilkS)
      (effects (font (size 1 1) (thickness 0.15)))
    )
    (fp_text value 0.1uF (at 0 1.43) (layer F.Fab)
      (effects (font (size 1 1) (thickness 0.15)))
    )
    (fp_line (start -0.8 0.4) (end -0.8 -0.4) (layer F.Fab) (width 0.1))
    (fp_line (start -0.8 -0.4) (end 0.8 -0.4) (layer F.Fab) (width 0.1))
    (fp_line (start 0.8 -0.4) (end 0.8 0.4) (layer F.Fab) (width 0.1))
    (fp_line (start 0.8 0.4) (end -0.8 0.4) (layer F.Fab) (width 0.1))
    (fp_line (start -0.171267 -0.51) (end 0.171267 -0.51) (layer F.SilkS) (width 0.12))
